1843.00
1810.00
1296.00
1244.00
1194.00
1127.00
984.00
934.00
920.00
899.00
882.00
876.00
796.00
785.00
778.00
758.00
702.00
699.00
695.00
682.00
662.00
655.00
654.00
638.00
629.00
626.00
623.00
612.00
607.00
605.00
585.00
584.00
581.00
579.00
574.00
550.00
547.00
546.00
543.00
541.00
540.00
528.00
526.00
514.00
513.00
508.00
508.00
507.00
506.00
503.00
503.00
500.00
493.00
490.00
490.00
487.00
479.00
479.00
471.00
463.00
456.00
450.00
443.00
438.00
432.00
426.00
423.00
421.00
409.00
407.00
407.00
404.00
403.00
391.00
389.00
374.00
374.00
374.00
369.00
369.00
364.00
352.00
350.00
347.00
345.00
341.00
339.00
336.00
336.00
329.00
329.00
328.00
327.00
319.00
318.00
316.00
315.00
310.00
308.00
308.00
307.00
301.00
299.00
298.00
298.00
297.00
296.00
290.00
289.00
288.00
284.00
281.00
280.00
271.00
270.00
269.00
264.00
261.00
260.00
260.00
254.00
252.00
252.00
251.00
248.00
246.00
246.00
242.00
239.00
237.00
236.00
229.00
226.00
225.00
224.00
224.00
223.00
221.00
220.00
212.00
211.00
209.00
208.00
207.00
207.00
206.00
204.00
202.00
201.00
200.00
199.00
199.00
197.00
193.00
189.00
188.00
186.00
185.00
184.00
181.00
180.00
178.00
176.00
175.00
174.00
174.00
172.00
171.00
171.00
169.00
169.00
166.00
165.00
165.00
164.00
162.00
159.00
158.00
156.00
154.00
154.00
149.00
148.00
147.00
143.00
142.00
141.00
140.00
139.00
138.00
135.00
135.00
135.00
134.00
133.00
132.00
132.00
130.00
130.00
129.00
129.00
128.00
127.00
125.00
123.00
123.00
122.00
119.00
116.00
116.00
113.00
113.00
112.00
108.00
107.00
104.00
104.00
101.00
98.00
96.00
96.00
96.00
93.00
88.00
86.00
86.00
82.00
72.00
9.12
8.91
1.00
0.00
0.00
