1843
1810
1296
1244
1194
1127
984
934
920
899
882
876
796
785
778
758
702
699
695
682
662
655
654
638
629
626
623
612
607
605
585
584
581
579
574
550
547
546
543
541
540
528
526
514
513
508
508
507
506
503
503
500
493
490
490
487
479
479
471
463
456
450
443
438
432
426
423
421
409
407
407
404
403
391
389
374
374
374
369
369
364
352
350
347
345
341
339
336
336
329
329
328
327
319
318
316
315
310
308
308
307
301
301
299
298
298
297
296
294
290
289
288
284
281
280
271
270
269
264
261
260
260
254
252
252
251
248
246
246
242
239
237
236
229
226
225
224
224
223
221
220
212
211
209
208
207
207
206
204
202
201
200
199
199
197
193
189
188
186
185
184
181
180
178
176
175
174
174
172
171
171
169
169
166
165
165
164
162
159
158
156
154
154
149
148
147
143
142
141
140
139
138
135
135
135
134
133
132
132
130
130
129
129
128
127
125
123
123
122
119
116
116
113
113
112
108
107
104
104
101
98
96
96
96
93
88
86
86
82
72
1
0
0
